crossing time (s)	slope (V/s)	crossing number
281474976710655.000000	19.699556	2649	0.000000
281474976710655.000000	18.993223	2650	0.000000
281474976710655.000000	19.703859	2651	0.000000
281474976710655.000000	20.085411	2652	0.000000
281474976710655.000000	20.577862	2653	0.000000
281474976710655.000000	18.741938	2654	0.000000
281474976710655.000000	20.311800	2655	0.000000
281474976710655.000000	20.938082	2656	0.000000
281474976710655.000000	21.002073	2657	0.000000
281474976710655.000000	19.588388	2658	0.000000
281474976710655.000000	20.059395	2659	0.000000
281474976710655.000000	19.522232	2660	0.000000
281474976710655.000000	19.248106	2661	0.000000
281474976710655.000000	19.526295	2662	0.000000
281474976710655.000000	19.327209	2663	0.000000
281474976710655.000000	20.361025	2664	0.000000
281474976710655.000000	19.582365	2665	0.000000
281474976710655.000000	19.294552	2666	0.000000
281474976710655.000000	20.479769	2667	0.000000
281474976710655.000000	18.802908	2668	0.000000
281474976710655.000000	19.504177	2669	0.000000
281474976710655.000000	18.913538	2670	0.000000
281474976710655.000000	20.767542	2671	0.000000
281474976710655.000000	19.683811	2672	0.000000
281474976710655.000000	20.471014	2673	0.000000
281474976710655.000000	19.129360	2674	0.000000
281474976710655.000000	20.978186	2675	0.000000
281474976710655.000000	19.926641	2676	0.000000
281474976710655.000000	20.040062	2677	0.000000
281474976710655.000000	19.925461	2678	0.000000
281474976710655.000000	19.987324	2679	0.000000
281474976710655.000000	18.254660	2680	0.000000
281474976710655.000000	20.844151	2681	0.000000
281474976710655.000000	19.368811	2682	0.000000
281474976710655.000000	20.089035	2683	0.000000
281474976710655.000000	17.947807	2684	0.000000
281474976710655.000000	19.434389	2685	0.000000
281474976710655.000000	18.639095	2686	0.000000
281474976710655.000000	20.351984	2687	0.000000
281474976710655.000000	18.937708	2688	0.000000
281474976710655.000000	20.304037	2689	0.000000
281474976710655.000000	18.075146	2690	0.000000
281474976710655.000000	20.815538	2691	0.000000
281474976710655.000000	18.977650	2692	0.000000
281474976710655.000000	20.668112	2693	0.000000
281474976710655.000000	18.414841	2694	0.000000
281474976710655.000000	19.610207	2695	0.000000
281474976710655.000000	19.784533	2696	0.000000
281474976710655.000000	20.082682	2697	0.000000
281474976710655.000000	18.884264	2698	0.000000
281474976710655.000000	19.012772	2699	0.000000
281474976710655.000000	18.843342	2700	0.000000
281474976710655.000000	20.275726	2701	0.000000
281474976710655.000000	18.357616	2702	0.000000
281474976710655.000000	19.223085	2703	0.000000
281474976710655.000000	19.020411	2704	0.000000
281474976710655.000000	18.418097	2705	0.000000
281474976710655.000000	20.238678	2706	0.000000
281474976710655.000000	19.746262	2707	0.000000
281474976710655.000000	18.949564	2708	0.000000
281474976710655.000000	18.902802	2709	0.000000
281474976710655.000000	19.533922	2710	0.000000
281474976710655.000000	19.087061	2711	0.000000
281474976710655.000000	18.276810	2712	0.000000
281474976710655.000000	19.026381	2713	0.000000
281474976710655.000000	18.894415	2714	0.000000
281474976710655.000000	19.049549	2715	0.000000
281474976710655.000000	18.150904	2716	0.000000
281474976710655.000000	18.306112	2717	0.000000
281474976710655.000000	18.653446	2718	0.000000
281474976710655.000000	18.390852	2719	0.000000
281474976710655.000000	18.341822	2720	0.000000
281474976710655.000000	19.183918	2721	0.000000
281474976710655.000000	18.873358	2722	0.000000
281474976710655.000000	19.208923	2723	0.000000
281474976710655.000000	18.523375	2724	0.000000
281474976710655.000000	19.924385	2725	0.000000
281474976710655.000000	18.787539	2726	0.000000
281474976710655.000000	19.217384	2727	0.000000
281474976710655.000000	18.273808	2728	0.000000
281474976710655.000000	18.464897	2729	0.000000
281474976710655.000000	18.407358	2730	0.000000
281474976710655.000000	19.823784	2731	0.000000
281474976710655.000000	18.311632	2732	0.000000
281474976710655.000000	18.259613	2733	0.000000
281474976710655.000000	18.191666	2734	0.000000
281474976710655.000000	19.329884	2735	0.000000
281474976710655.000000	18.264412	2736	0.000000
281474976710655.000000	18.670851	2737	0.000000
281474976710655.000000	18.223845	2738	0.000000
281474976710655.000000	19.121721	2739	0.000000
281474976710655.000000	18.281771	2740	0.000000
281474976710655.000000	20.002890	2741	0.000000
281474976710655.000000	18.623125	2742	0.000000
281474976710655.000000	18.676367	2743	0.000000
281474976710655.000000	18.185217	2744	0.000000
281474976710655.000000	18.756979	2745	0.000000
281474976710655.000000	18.423399	2746	0.000000
281474976710655.000000	18.866058	2747	0.000000
281474976710655.000000	17.879383	2748	0.000000
281474976710655.000000	18.761591	2749	0.000000
281474976710655.000000	18.219629	2750	0.000000
281474976710655.000000	18.515146	2751	0.000000
281474976710655.000000	18.899361	2752	0.000000
281474976710655.000000	18.756275	2753	0.000000
281474976710655.000000	18.126392	2754	0.000000
281474976710655.000000	18.576881	2755	0.000000
281474976710655.000000	18.588720	2756	0.000000
281474976710655.000000	18.694510	2757	0.000000
281474976710655.000000	17.999048	2758	0.000000
281474976710655.000000	18.906279	2759	0.000000
281474976710655.000000	17.930264	2760	0.000000
281474976710655.000000	18.483374	2761	0.000000
281474976710655.000000	18.547604	2762	0.000000
281474976710655.000000	18.010569	2763	0.000000
281474976710655.000000	18.205582	2764	0.000000
281474976710655.000000	18.129141	2765	0.000000
281474976710655.000000	17.761324	2766	0.000000
281474976710655.000000	18.063206	2767	0.000000
281474976710655.000000	18.620205	2768	0.000000
281474976710655.000000	18.536045	2769	0.000000
281474976710655.000000	17.764763	2770	0.000000
281474976710655.000000	18.059900	2771	0.000000
281474976710655.000000	17.643204	2772	0.000000
281474976710655.000000	18.340076	2773	0.000000
281474976710655.000000	18.685217	2774	0.000000
281474976710655.000000	17.915031	2775	0.000000
281474976710655.000000	17.530943	2776	0.000000
281474976710655.000000	18.640038	2777	0.000000
281474976710655.000000	17.839922	2778	0.000000
281474976710655.000000	18.176998	2779	0.000000
281474976710655.000000	17.173454	2780	0.000000
281474976710655.000000	18.470638	2781	0.000000
281474976710655.000000	18.053307	2782	0.000000
281474976710655.000000	18.381111	2783	0.000000
281474976710655.000000	17.382309	2784	0.000000
281474976710655.000000	17.986294	2785	0.000000
281474976710655.000000	17.246658	2786	0.000000
281474976710655.000000	18.140947	2787	0.000000
281474976710655.000000	17.965057	2788	0.000000
281474976710655.000000	18.055235	2789	0.000000
281474976710655.000000	17.310894	2790	0.000000
281474976710655.000000	18.360100	2791	0.000000
281474976710655.000000	17.528528	2792	0.000000
281474976710655.000000	17.515469	2793	0.000000
281474976710655.000000	17.290110	2794	0.000000
281474976710655.000000	17.244835	2795	0.000000
281474976710655.000000	17.902557	2796	0.000000
281474976710655.000000	18.129307	2797	0.000000
281474976710655.000000	17.706757	2798	0.000000
281474976710655.000000	17.499723	2799	0.000000
281474976710655.000000	17.023933	2800	0.000000
281474976710655.000000	17.330841	2801	0.000000
281474976710655.000000	17.173769	2802	0.000000
281474976710655.000000	16.829315	2803	0.000000
281474976710655.000000	17.844906	2804	0.000000
281474976710655.000000	17.038881	2805	0.000000
281474976710655.000000	17.328213	2806	0.000000
281474976710655.000000	17.021997	2807	0.000000
281474976710655.000000	17.889715	2808	0.000000
281474976710655.000000	17.222752	2809	0.000000
281474976710655.000000	17.275480	2810	0.000000
281474976710655.000000	17.306711	2811	0.000000
281474976710655.000000	16.858818	2812	0.000000
281474976710655.000000	17.632225	2813	0.000000
281474976710655.000000	16.951473	2814	0.000000
281474976710655.000000	17.433224	2815	0.000000
281474976710655.000000	16.713388	2816	0.000000
281474976710655.000000	17.101276	2817	0.000000
281474976710655.000000	17.113266	2818	0.000000
281474976710655.000000	17.582640	2819	0.000000
281474976710655.000000	16.543543	2820	0.000000
281474976710655.000000	16.975504	2821	0.000000
281474976710655.000000	16.948215	2822	0.000000
281474976710655.000000	17.148014	2823	0.000000
281474976710655.000000	17.102367	2824	0.000000
281474976710655.000000	17.534824	2825	0.000000
281474976710655.000000	16.873556	2826	0.000000
281474976710655.000000	16.919592	2827	0.000000
281474976710655.000000	16.631117	2828	0.000000
281474976710655.000000	16.905680	2829	0.000000
281474976710655.000000	16.969843	2830	0.000000
281474976710655.000000	17.042959	2831	0.000000
281474976710655.000000	16.947063	2832	0.000000
281474976710655.000000	17.234703	2833	0.000000
281474976710655.000000	16.407534	2834	0.000000
281474976710655.000000	17.061340	2835	0.000000
281474976710655.000000	16.983105	2836	0.000000
281474976710655.000000	17.545494	2837	0.000000
281474976710655.000000	17.661726	2838	0.000000
281474976710655.000000	16.745499	2839	0.000000
281474976710655.000000	16.728260	2840	0.000000
281474976710655.000000	17.238022	2841	0.000000
281474976710655.000000	16.579565	2842	0.000000
281474976710655.000000	16.296040	2843	0.000000
281474976710655.000000	16.587254	2844	0.000000
281474976710655.000000	16.404821	2845	0.000000
281474976710655.000000	16.450184	2846	0.000000
281474976710655.000000	17.156691	2847	0.000000
281474976710655.000000	16.388021	2848	0.000000
281474976710655.000000	16.653078	2849	0.000000
281474976710655.000000	15.923329	2850	0.000000
281474976710655.000000	16.644270	2851	0.000000
281474976710655.000000	16.403557	2852	0.000000
281474976710655.000000	16.204296	2853	0.000000
281474976710655.000000	15.971944	2854	0.000000
281474976710655.000000	16.260252	2855	0.000000
281474976710655.000000	17.062426	2856	0.000000
281474976710655.000000	16.467419	2857	0.000000
281474976710655.000000	16.246811	2858	0.000000
281474976710655.000000	16.758474	2859	0.000000
281474976710655.000000	16.117523	2860	0.000000
281474976710655.000000	16.221451	2861	0.000000
281474976710655.000000	15.750007	2862	0.000000
281474976710655.000000	16.214497	2863	0.000000
281474976710655.000000	16.620424	2864	0.000000
281474976710655.000000	16.077778	2865	0.000000
281474976710655.000000	15.981978	2866	0.000000
281474976710655.000000	16.267525	2867	0.000000
281474976710655.000000	15.656942	2868	0.000000
281474976710655.000000	16.059866	2869	0.000000
281474976710655.000000	15.851324	2870	0.000000
281474976710655.000000	15.734877	2871	0.000000
281474976710655.000000	15.647104	2872	0.000000
281474976710655.000000	16.102182	2873	0.000000
281474976710655.000000	15.917983	2874	0.000000
281474976710655.000000	16.573351	2875	0.000000
281474976710655.000000	16.407120	2876	0.000000
281474976710655.000000	15.634985	2877	0.000000
281474976710655.000000	16.403170	2878	0.000000
281474976710655.000000	16.394882	2879	0.000000
281474976710655.000000	15.884963	2880	0.000000
281474976710655.000000	15.687840	2881	0.000000
281474976710655.000000	15.845565	2882	0.000000
281474976710655.000000	15.881599	2883	0.000000
281474976710655.000000	15.481923	2884	0.000000
281474976710655.000000	15.666715	2885	0.000000
281474976710655.000000	15.415805	2886	0.000000
281474976710655.000000	16.069506	2887	0.000000
281474976710655.000000	15.218137	2888	0.000000
281474976710655.000000	15.998044	2889	0.000000
281474976710655.000000	15.939723	2890	0.000000
281474976710655.000000	15.616680	2891	0.000000
281474976710655.000000	15.375296	2892	0.000000
281474976710655.000000	15.263738	2893	0.000000
281474976710655.000000	15.343864	2894	0.000000
281474976710655.000000	15.678368	2895	0.000000
281474976710655.000000	16.100750	2896	0.000000
281474976710655.000000	15.399068	2897	0.000000
281474976710655.000000	15.442040	2898	0.000000
281474976710655.000000	15.027113	2899	0.000000
281474976710655.000000	15.760105	2900	0.000000
281474976710655.000000	15.194061	2901	0.000000
281474976710655.000000	15.391638	2902	0.000000
281474976710655.000000	15.394185	2903	0.000000
281474976710655.000000	14.946648	2904	0.000000
281474976710655.000000	15.503017	2905	0.000000
281474976710655.000000	15.817319	2906	0.000000
281474976710655.000000	15.409298	2907	0.000000
281474976710655.000000	15.040912	2908	0.000000
281474976710655.000000	15.322928	2909	0.000000
281474976710655.000000	15.134234	2910	0.000000
281474976710655.000000	15.667081	2911	0.000000
281474976710655.000000	15.481127	2912	0.000000
281474976710655.000000	15.293017	2913	0.000000
281474976710655.000000	14.990285	2914	0.000000
281474976710655.000000	15.380738	2915	0.000000
281474976710655.000000	14.765346	2916	0.000000
281474976710655.000000	14.931352	2917	0.000000
281474976710655.000000	14.829795	2918	0.000000
281474976710655.000000	15.117243	2919	0.000000
281474976710655.000000	14.798796	2920	0.000000
281474976710655.000000	14.651999	2921	0.000000
281474976710655.000000	14.976544	2922	0.000000
281474976710655.000000	14.647145	2923	0.000000
281474976710655.000000	15.114001	2924	0.000000
281474976710655.000000	14.361959	2925	0.000000
281474976710655.000000	15.176717	2926	0.000000
281474976710655.000000	14.312751	2927	0.000000
281474976710655.000000	15.441705	2928	0.000000
281474976710655.000000	14.851522	2929	0.000000
281474976710655.000000	15.481297	2930	0.000000
281474976710655.000000	14.463303	2931	0.000000
281474976710655.000000	14.903332	2932	0.000000
281474976710655.000000	14.614970	2933	0.000000
281474976710655.000000	14.859789	2934	0.000000
281474976710655.000000	14.515759	2935	0.000000
281474976710655.000000	14.543638	2936	0.000000
281474976710655.000000	14.527588	2937	0.000000
281474976710655.000000	14.485266	2938	0.000000
281474976710655.000000	14.876649	2939	0.000000
281474976710655.000000	15.123698	2940	0.000000
